% NH ice extent from <a href="https://nsidc.org/data/seaice_index">NSIDC Sea Ice Index v3.0</a>
% file :: /home/oldenbor/climexp/data/iN_ice_extent_a.dat
% description :: NH seaice extent
% olderfile :: ./data/iN_ice_extent.dat
% scripturl01 :: http://climexp.knmi.nl/getindices.cgi?
% institution :: KNMI Climate Explorer and NSIDC
% source :: https://nsidc.org/data/seaice_index
% source_url :: ftp://sidads.colorado.edu/DATASETS/NOAA/G02135/north/monthly/data/
% comment :: \n
% scripturl02 :: https://climexp.knmi.nl/analyse_anomaly.cgi?NPERYEAR=12&STATION=NH_seaice_extent_anomalies&TYPE=i&id=$id
% history ::  2021-04-11 23:32:51 ./bin/plotdat data/iN_ice_extent_a.dat\n 2021-04-11 23:32:51 dat2nc ./data/iN_ice_extent_a.dat i NH_seaice_extent_anomalies ./data/iN_ice_extent_a.nc\n 2021-04-06 13:38:59 ./bin/plotdat anomal ./data/iN_ice_extent.dat\n 2021-04-06 13:38:59 dat2nc ./data/iN_ice_extent.dat i NH_seaice_extent ./data/iN_ice_extent.nc\nretrieved from NSIDC and converted 2021-04-06  8:34:37
% ice_extent [million km^2] area covered  with at least 15% ice
 1978.8334   1.17674    
 1978.9166  0.993332    
 1979.0000   1.19500    
 1979.0834   1.07884    
 1979.1666   1.08186    
 1979.2500  0.905477    
 1979.3334  0.731191    
 1979.4166  0.970714    
 1979.5000   1.17881    
 1979.5834   1.22167    
 1979.6666   1.03286    
 1979.7500  0.836666    
 1979.8334  0.466744    
 1979.9166  0.663332    
 1980.0000  0.644998    
 1980.0834  0.858838    
 1980.1666  0.781859    
 1980.2500  0.885477    
 1980.3334  0.661191    
 1980.4166  0.640714    
 1980.5000  0.968810    
 1980.5834   1.16167    
 1980.6666   1.65286    
 1980.7500   1.26667    
 1980.8334  0.906745    
 1980.9166  0.913332    
 1981.0000  0.694998    
 1981.0834  0.498838    
 1981.1666  0.371859    
 1981.2500  0.465477    
 1981.3334  0.671191    
 1981.4166  0.870714    
 1981.5000   1.13881    
 1981.5834   1.02167    
 1981.6666   1.12286    
 1981.7500  0.946665    
 1981.8334  0.456745    
 1981.9166  0.663332    
 1982.0000  0.964998    
 1982.0834  0.868838    
 1982.1666  0.781859    
 1982.2500  0.925477    
 1982.3334  0.841191    
 1982.4166  0.920713    
 1982.5000   1.23881    
 1982.5834   1.32167    
 1982.6666   1.28286    
 1982.7500   1.50667    
 1982.8334   1.15674    
 1982.9166  0.963332    
 1983.0000  0.724998    
 1983.0834  0.908838    
 1983.1666  0.831859    
 1983.2500  0.625477    
 1983.3334  0.361191    
 1983.4166  0.740714    
 1983.5000   1.43881    
 1983.5834   1.37167    
 1983.6666   1.37286    
 1983.7500   1.41667    
 1983.8334  0.986745    
 1983.9166  0.623332    
 1984.0000  0.254998    
 1984.0834  0.198838    
 1984.1666  0.321858    
 1984.2500  0.465477    
 1984.3334  0.451191    
 1984.4166  0.590714    
 1984.5000  0.848809    
 1984.5834  0.951667    
 1984.6666  0.792858    
 1984.7500  0.646666    
 1984.8334  0.366745    
 1984.9166  0.313332    
 1985.0000  0.504998    
 1985.0834  0.368838    
 1985.1666  0.631859    
 1985.2500  0.815476    
 1985.3334  0.941191    
 1985.4166  0.660714    
 1985.5000  0.608809    
 1985.5834  0.581667    
 1985.6666  0.682858    
 1985.7500  0.636666    
 1985.8334  0.546745    
 1985.9166  0.373332    
 1986.0000  0.674998    
 1986.0834  0.678838    
 1986.1666  0.651858    
 1986.2500  0.515477    
 1986.3334  0.251191    
 1986.4166  0.420713    
 1986.5000   1.01881    
 1986.5834   1.16167    
 1986.6666   1.39286    
 1986.7500   1.56667    
 1986.8334  0.976745    
 1986.9166  0.543332    
 1987.0000  0.754998    
 1987.0834  0.948837    
 1987.1666  0.561858    
 1987.2500  0.665477    
 1987.3334  0.611191    
 1987.4166  0.930714    
 1987.5000   1.19881    
 1987.5834  0.811667    
 1987.6666   1.26286    
 1987.7500   1.13667    
 1987.8334  0.746745    
 1987.9166  0.746745    % repeat last y to get nice gnuplot plot

 1988.0834  0.478838    
 1988.1666  0.701859    
 1988.2500  0.575477    
 1988.3334  0.431191    
 1988.4166  0.380713    
 1988.5000  0.678810    
 1988.5834   1.07167    
 1988.6666   1.35286    
 1988.7500   1.21667    
 1988.8334  0.856745    
 1988.9166  0.953332    
 1989.0000  0.734998    
 1989.0834  0.398838    
 1989.1666  0.161859    
 1989.2500 -0.214523    
 1989.3334 -0.888090E-01
 1989.4166  0.680714    
 1989.5000  0.998810    
 1989.5834   1.06167    
 1989.6666  0.992858    
 1989.7500  0.916666    
 1989.8334  0.646745    
 1989.9166  0.713332    
 1990.0000  0.564998    
 1990.0834  0.478838    
 1990.1666  0.611858    
 1990.2500  0.105476    
 1990.3334  0.101191    
 1990.4166  0.807142E-01
 1990.5000  0.118810    
 1990.5834 -0.183325E-01
 1990.6666  0.122858    
 1990.7500  0.566665    
 1990.8334  0.606745    
 1990.9166  0.433331    
 1991.0000  0.144998    
 1991.0834  0.148838    
 1991.1666  0.161859    
 1991.2500  0.315476    
 1991.3334  0.341191    
 1991.4166  0.550714    
 1991.5000  0.378810    
 1991.5834  0.601667    
 1991.6666  0.452857    
 1991.7500  0.626666    
 1991.8334  0.406745    
 1991.9166  0.273332    
 1992.0000  0.424998    
 1992.0834  0.358838    
 1992.1666  0.221858    
 1992.2500  0.135477    
 1992.3334  0.911913E-01
 1992.4166  0.590714    
 1992.5000   1.18881    
 1992.5834   1.11167    
 1992.6666   1.45286    
 1992.7500   1.40667    
 1992.8334  0.906745    
 1992.9166  0.733332    
 1993.0000  0.684998    
 1993.0834  0.588838    
 1993.1666  0.551859    
 1993.2500  0.535477    
 1993.3334  0.241191    
 1993.4166  0.310714    
 1993.5000  0.348809    
 1993.5834  0.511667    
 1993.6666  0.382858    
 1993.7500  0.876666    
 1993.8334  0.846745    
 1993.9166  0.643332    
 1994.0000  0.514997    
 1994.0834  0.458838    
 1994.1666  0.291859    
 1994.2500  0.345477    
 1994.3334  0.491191    
 1994.4166  0.460714    
 1994.5000  0.798810    
 1994.5834  0.821667    
 1994.6666   1.12286    
 1994.7500   1.00667    
 1994.8334  0.646745    
 1994.9166  0.593332    
 1995.0000  0.374998    
 1995.0834  0.128838    
 1995.1666  0.185871E-02
 1995.2500 -0.945234E-01
 1995.3334 -0.158809    
 1995.4166 -0.119287    
 1995.5000 -0.141191    
 1995.5834 -0.783329E-01
 1995.6666  0.628576E-01
 1995.7500 -0.833344E-01
 1995.8334  0.286745    
 1995.9166  0.243332    
 1996.0000 -0.350018E-01
 1996.0834  0.488377E-01
 1996.1666 -0.138142    
 1996.2500 -0.324523    
 1996.3334 -0.388088E-01
 1996.4166  0.520714    
 1996.5000   1.02881    
 1996.5834   1.36167    
 1996.6666   1.56286    
 1996.7500   1.24667    
 1996.8334 -0.732555E-01
 1996.9166  0.183331    
 1997.0000  0.204998    
 1997.0834  0.338838    
 1997.1666  0.211859    
 1997.2500  0.154772E-01
 1997.3334  0.511913E-01
 1997.4166  0.180714    
 1997.5000  0.278810    
 1997.5834  0.471667    
 1997.6666  0.672858    
 1997.7500  0.426666    
 1997.8334  0.206745    
 1997.9166  0.403332    
 1998.0000  0.504998    
 1998.0834  0.648838    
 1998.1666  0.341859    
 1998.2500  0.345477    
 1998.3334  0.461191    
 1998.4166  0.150714    
 1998.5000  0.288810    
 1998.5834  0.691668    
 1998.6666  0.522858    
 1998.7500  0.536665    
 1998.8334 -0.332556E-01
 1998.9166  0.833321E-01
 1999.0000  0.144998    
 1999.0834  0.208838    
 1999.1666  0.141858    
 1999.2500  0.535477    
 1999.3334  0.621191    
 1999.4166  0.220714    
 1999.5000  0.358809    
 1999.5834  0.411667    
 1999.6666  0.102858    
 1999.7500  0.686666    
 1999.8334  0.326745    
 1999.9166 -0.366678E-01
 2000.0000  0.499821E-02
 2000.0834  0.388384E-01
 2000.1666 -0.381413E-01
 2000.2500  0.154772E-01
 2000.3334  0.211906E-01
 2000.4166  0.110714    
 2000.5000  0.378810    
 2000.5834  0.351667    
 2000.6666  0.232858    
 2000.7500  0.466666    
 2000.8334 -0.153255    
 2000.9166 -0.366678E-01
 2001.0000 -0.150023E-01
 2001.0834  0.108838    
 2001.1666  0.261859    
 2001.2500  0.315476    
 2001.3334  0.381191    
 2001.4166 -0.992861E-01
 2001.5000 -0.611906E-01
 2001.5834  0.641667    
 2001.6666  0.712858    
 2001.7500  0.386666    
 2001.8334  0.186745    
 2001.9166 -0.186668    
 2002.0000  0.549984E-01
 2002.0834  0.238838    
 2002.1666  0.918589E-01
 2002.2500 -0.244523    
 2002.3334 -0.158809    
 2002.4166  0.207138E-01
 2002.5000  0.138810    
 2002.5834 -0.218333    
 2002.6666 -0.187142    
 2002.7500  0.246665    
 2002.8334 -0.133255    
 2002.9166 -0.666685E-01
 2003.0000  0.174998    
 2003.0834  0.888376E-01
 2003.1666  0.221858    
 2003.2500 -0.345230E-01
 2003.3334 -0.108809    
 2003.4166  0.407143E-01
 2003.5000  0.788097E-01
 2003.5834  0.121667    
 2003.6666  0.102858    
 2003.7500 -0.633345E-01
 2003.8334 -0.343255    
 2003.9166 -0.866680E-01
 2004.0000 -0.185002    
 2004.0834 -0.191162    
 2004.1666 -0.268142    
 2004.2500 -0.554523    
 2004.3334 -0.568809    
 2004.4166 -0.109286    
 2004.5000  0.298810    
 2004.5834  0.316672E-01
 2004.6666 -0.371423E-01
 2004.7500  0.166655E-01
 2004.8334 -0.133255    
 2004.9166 -0.126668    
 2005.0000 -0.555002    
 2005.0834 -0.731162    
 2005.1666 -0.568142    
 2005.2500 -0.454523    
 2005.3334 -0.218809    
 2005.4166 -0.399286    
 2005.5000 -0.481191    
 2005.5834 -0.518332    
 2005.6666 -0.517142    
 2005.7500 -0.563334    
 2005.8334 -0.253255    
 2005.9166 -0.446669    
 2006.0000 -0.745002    
 2006.0834 -0.781162    
 2006.1666 -0.838141    
 2006.2500 -0.634523    
 2006.3334 -0.608809    
 2006.4166 -0.639286    
 2006.5000 -0.671190    
 2006.5834 -0.318333    
 2006.6666 -0.157142    
 2006.7500 -0.373334    
 2006.8334 -0.813255    
 2006.9166 -0.726668    
 2007.0000 -0.515002    
 2007.0834 -0.591162    
 2007.1666 -0.718142    
 2007.2500 -0.694523    
 2007.3334 -0.348809    
 2007.4166 -0.339286    
 2007.5000  -1.19119    
 2007.5834  -1.47833    
 2007.6666  -1.74714    
 2007.7500  -1.87333    
 2007.8334 -0.713255    
 2007.9166 -0.646668    
 2008.0000 -0.325002    
 2008.0834 -0.151162    
 2008.1666 -0.781412E-01
 2008.2500 -0.194523    
 2008.3334 -0.158809    
 2008.4166 -0.349286    
 2008.5000 -0.451190    
 2008.5834 -0.908333    
 2008.6666  -1.32714    
 2008.7500 -0.563334    
 2008.8334 -0.133255    
 2008.9166 -0.316669    
 2009.0000 -0.305002    
 2009.0834 -0.291162    
 2009.1666 -0.278142    
 2009.2500 -0.445232E-01
 2009.3334  0.611906E-01
 2009.4166 -0.239286    
 2009.5000 -0.661190    
 2009.5834 -0.678333    
 2009.6666 -0.757142    
 2009.7500 -0.993334    
 2009.8334 -0.703255    
 2009.9166 -0.476668    
 2010.0000 -0.475002    
 2010.0834 -0.521162    
 2010.1666 -0.118141    
 2010.2500  0.115477    
 2010.3334 -0.258809    
 2010.4166 -0.969286    
 2010.5000  -1.06119    
 2010.5834 -0.948333    
 2010.6666  -1.14714    
 2010.7500 -0.933334    
 2010.8334 -0.863256    
 2010.9166 -0.846668    
 2011.0000 -0.755002    
 2011.0834 -0.741162    
 2011.1666 -0.708141    
 2011.2500 -0.434524    
 2011.3334 -0.448809    
 2011.4166 -0.809286    
 2011.5000  -1.41119    
 2011.5834  -1.31833    
 2011.6666  -1.45714    
 2011.7500  -1.45333    
 2011.8334 -0.703255    
 2011.9166 -0.526669    
 2012.0000 -0.485003    
 2012.0834 -0.551162    
 2012.1666 -0.581417E-01
 2012.2500  0.854769E-01
 2012.3334 -0.118809    
 2012.4166 -0.889286    
 2012.5000  -1.46119    
 2012.5834  -2.09833    
 2012.6666  -2.44714    
 2012.7500  -2.02333    
 2012.8334  -1.08325    
 2012.9166 -0.666668    
 2013.0000 -0.515002    
 2013.0834 -0.381162    
 2013.1666 -0.228142    
 2013.2500 -0.244523    
 2013.3334 -0.128809    
 2013.4166 -0.199286    
 2013.5000  -1.00119    
 2013.5834 -0.808332    
 2013.6666 -0.807142    
 2013.7500 -0.463335    
 2013.8334 -0.533256    
 2013.9166 -0.496668    
 2014.0000 -0.565002    
 2014.0834 -0.681162    
 2014.1666 -0.498141    
 2014.2500 -0.454523    
 2014.3334 -0.428809    
 2014.4166 -0.529286    
 2014.5000  -1.02119    
 2014.5834 -0.738333    
 2014.6666 -0.797143    
 2014.7500 -0.683334    
 2014.8334 -0.363256    
 2014.9166 -0.326668    
 2015.0000 -0.615002    
 2015.0834 -0.701162    
 2015.1666 -0.888142    
 2015.2500 -0.654523    
 2015.3334 -0.658809    
 2015.4166 -0.679286    
 2015.5000 -0.751190    
 2015.5834  -1.21833    
 2015.6666  -1.39714    
 2015.7500 -0.943335    
 2015.8334 -0.623255    
 2015.9166 -0.636668    
 2016.0000 -0.755002    
 2016.0834 -0.901162    
 2016.1666 -0.858142    
 2016.2500 -0.864523    
 2016.3334  -1.20881    
 2016.4166  -1.14929    
 2016.5000  -1.19119    
 2016.5834  -1.44833    
 2016.6666  -1.48714    
 2016.7500  -1.83333    
 2016.8334  -1.81326    
 2016.9166  -1.21667    
 2017.0000  -1.02500    
 2017.0834 -0.981162    
 2017.1666 -0.968142    
 2017.2500 -0.794523    
 2017.3334 -0.498809    
 2017.4166 -0.799286    
 2017.5000  -1.19119    
 2017.5834  -1.33833    
 2017.6666  -1.19714    
 2017.7500  -1.14333    
 2017.8334 -0.983255    
 2017.9166 -0.936668    
 2018.0000  -1.13500    
 2018.0834  -1.13116    
 2018.1666 -0.958141    
 2018.2500 -0.844523    
 2018.3334 -0.898809    
 2018.4166 -0.779286    
 2018.5000 -0.861190    
 2018.5834  -1.20833    
 2018.6666  -1.22714    
 2018.7500  -1.78333    
 2018.8334 -0.653255    
 2018.9166 -0.816669    
 2019.0000 -0.645002    
 2019.0834 -0.711162    
 2019.1666 -0.688142    
 2019.2500  -1.11452    
 2019.3334 -0.938809    
 2019.4166 -0.969286    
 2019.5000  -1.54119    
 2019.5834  -1.78833    
 2019.6666  -1.65714    
 2019.7500  -2.18333    
 2019.8334  -1.12325    
 2019.9166 -0.776669    
 2020.0000 -0.565002    
 2020.0834 -0.421162    
 2020.1666 -0.478142    
 2020.2500 -0.814524    
 2020.3334 -0.768809    
 2020.4166 -0.979286    
 2020.5000  -1.85119    
 2020.5834  -1.73833    
 2020.6666  -2.09714    
 2020.7500  -2.63333    
 2020.8334  -1.48326    
 2020.9166 -0.906668    
 2021.0000 -0.735003    
 2021.0834 -0.711162    
 2021.1666 -0.618141    
 2021.2500 -0.618141    % repeat last y to get nice gnuplot plot

